Mejores parámetros: {'n_factors': 100, 'n_epochs': 50, 'lr_all': 0.01, 'reg_all': 0.1}
Resultados de validación cruzada:
test_rmse: [0.89914604 0.91676786 0.91226978 0.9062224  0.91138181]
test_mae: [0.70806517 0.72154804 0.71634367 0.71474982 0.71729319]
fit_time: (1.6595361232757568, 1.7273480892181396, 1.7004542350769043, 1.7333958148956299, 1.6894865036010742)
test_time: (0.057845354080200195, 0.08078408241271973, 0.059873104095458984, 0.08277416229248047, 0.05784010887145996)
