Mejores parámetros: {'n_factors': 100, 'n_epochs': 50, 'lr_all': 0.01, 'reg_all': 0.1}
Resultados de validación cruzada:
test_rmse: [0.90629149 0.90959839 0.90819097 0.91520752 0.91016617]
test_mae: [0.71835948 0.71720991 0.71779482 0.72133539 0.71983258]
fit_time: (1.759328842163086, 1.7299914360046387, 1.6854839324951172, 1.6655476093292236, 1.6760859489440918)
test_time: (0.08078193664550781, 0.08377647399902344, 0.08178544044494629, 0.08276963233947754, 0.06411528587341309)
